30.0,22.0,20.821216278006403,27.178783721993597
17.0,22.0,22.158715642940606,38.84128435705939
36.0,20.0,20.05182136869378,23.94817863130622
41.0,0.0,22.295483412081502,36.7045165879185
27.0,22.0,27.0429812528578,23.9570187471422
31.0,16.0,32.99339531575471,20.00660468424529
22.0,17.0,32.952954326068166,28.047045673931834
24.0,14.0,22.521973276431446,39.478026723568554
17.0,19.0,24.497078697353047,39.50292130264695
34.0,24.0,19.44764517604024,22.55235482395976
20.0,38.0,8.88523090992227,33.11476909007773
19.0,30.0,21.096479195244626,29.903520804755374
21.0,32.0,29.09114464258498,17.90885535741502
32.0,19.0,17.222069806431946,31.777930193568054
25.0,24.0,31.147233653406502,19.852766346593498
25.0,20.0,26.090280953106742,28.909719046893258
31.0,13.0,28.63872377178275,27.36127622821725
31.0,31.0,17.31748209114464,20.68251790885536
28.0,22.0,22.51181222374639,27.48818777625361
20.0,35.0,23.28532235939643,21.71467764060357
24.0,31.0,27.85322359396433,17.14677640603567
28.0,27.0,13.840877914951989,31.15912208504801
21.0,27.0,28.091043032058124,23.908956967941876
34.0,18.0,18.714220393232736,29.285779606767264
40.0,0.0,34.1137021795458,25.886297820454203
24.0,27.0,35.168571864045106,13.831428135954894
22.0,29.0,22.66651425087639,26.33348574912361
27.0,22.0,28.908550525834485,22.091449474165515
28.0,28.0,17.15470202713,26.84529797287
19.0,27.0,25.838134430727038,28.161865569272962
24.0,23.0,28.53431895544378,24.46568104455622
23.0,23.0,25.838134430727038,28.161865569272962
31.0,14.0,21.991058273637137,33.00894172636286
19.0,20.0,36.85784687293602,24.142153127063978
21.0,31.0,19.504343850022863,28.495656149977137
26.0,15.0,23.53645277650766,35.46354722349234
24.0,16.0,26.486816034141142,33.51318396585886
34.0,26.0,17.35101356500533,22.64898643499467
28.0,34.0,20.09754610577656,17.90245389422344
22.0,29.0,25.35512879134278,23.64487120865722
27.0,10.0,41.139003200731594,21.860996799268406
20.0,28.0,30.532134329116502,21.467865670883498
23.0,21.0,27.691307219427927,28.308692780572073
14.0,31.0,28.93207336280038,26.06792663719962
32.0,26.0,30.374942844078646,11.625057155921354
15.0,29.0,18.24274754864605,37.75725245135395
31.0,16.0,22.742366509170353,30.257633490829647
32.0,24.0,26.228318853833258,17.771681146166742
25.0,32.0,22.800944977899704,20.199055022100296
27.0,18.0,23.49997459736828,31.50002540263172
31.0,28.0,18.684651729919224,22.315348270080776
27.0,19.0,21.541838134430733,32.45816186556927
21.0,33.0,22.79317177259564,23.20682822740436
31.0,34.0,15.806279530559365,19.193720469440635
26.0,21.0,25.723162119595585,27.276837880404415
26.0,31.0,25.730528882792257,17.269471117207743
29.0,27.0,12.567596402987334,31.432403597012666
46.0,29.0,18.324188385916784,6.675811614083216
29.0,21.0,24.980948026215515,25.019051973784485
31.0,43.0,0.7608596250571509,25.23914037494285
30.0,24.0,17.303459838439267,28.696540161560733
20.0,31.0,18.43194634964182,30.56805365035818
24.0,22.0,24.224965706447193,29.775034293552807
26.0,25.0,22.061575979271453,26.938424020728547
16.0,25.0,30.172941116699704,28.827058883300296
33.0,21.0,20.963267794543526,25.036732205456474
30.0,25.0,15.281207133058984,29.718792866941016
16.0,28.0,38.54818879235887,17.45181120764113
27.0,18.0,26.01483513692017,28.98516486307983
34.0,30.0,14.035665294924556,21.964334705075444
19.0,26.0,26.517807244830564,28.482192755169436
27.0,27.0,23.802773967383033,22.197226032616967
30.0,16.0,32.62825788751715,21.37174211248285
29.0,22.0,19.910684346898336,29.089315653101664
14.0,24.0,32.47259056038207,29.527409439617927
23.0,30.0,28.188538332571255,18.811461667428745
30.0,35.0,13.325712543819535,21.674287456180465
21.0,19.0,22.179545800944986,37.820454199055014
25.0,29.0,25.506477671086742,20.493522328913258
25.0,25.0,13.138241121780219,36.86175887821978
25.0,35.0,19.18000304831581,20.81999695168419
21.0,27.0,28.091043032058124,23.908956967941876
24.0,21.0,24.707107656353188,30.292892343646812
36.0,13.0,28.908550525834485,22.091449474165515
24.0,16.0,35.37570492303003,24.62429507696997
41.0,26.0,19.299039780521255,13.700960219478745
28.0,39.0,20.11385459533608,12.886145404663921
35.0,19.0,25.843011736015853,20.156988263984147
29.0,16.0,27.196819590509577,27.803180409490423
13.0,37.0,24.980948026215515,25.019051973784485
22.0,19.0,19.220037595894937,39.77996240410506
19.0,23.0,34.40867753899303,23.591322461006968
19.0,28.0,18.68719199309048,34.31280800690952
41.0,16.0,14.641365645480874,28.358634354519126
31.0,29.0,19.18000304831581,20.81999695168419
20.0,35.0,25.50754458161866,19.49245541838134
23.0,36.0,18.36595031245237,22.63404968754763
37.0,17.0,29.481786313062045,16.518213686937955
29.0,28.0,21.01173601585124,21.98826398414876
22.0,21.0,27.273586343545205,29.726413656454795
26.0,23.0,22.122542295381805,28.877457704618195
32.0,21.0,21.225575369608293,25.774424630391707
19.0,24.0,36.51729919219632,20.48270080780368
25.0,18.0,36.16110349032161,20.838896509678392
30.0,28.0,26.87974394147234,15.120256058527659
26.0,22.0,32.370878423004626,19.629121576995374
23.0,19.0,35.04516587918509,22.95483412081491
30.0,33.0,14.222527053802779,22.77747294619722
18.0,31.0,23.241883859167814,27.758116140832186
18.0,36.0,25.821978356957786,20.178021643042214
30.0,17.0,29.69755626682924,23.30244373317076
24.0,27.0,20.515622618503272,28.484377381496728
29.0,27.0,24.699283645785698,19.300716354214302
14.0,27.0,28.230554285423977,30.769445714576023
24.0,32.0,21.802164304221918,22.197835695778082
23.0,24.0,22.23345018543921,30.76654981456079
23.0,40.0,19.70400853528426,17.29599146471574
24.0,29.0,26.383325712543822,20.616674287456178
26.0,24.0,27.24432251181223,22.75567748818777
33.0,27.0,19.5458009449779,20.4541990550221
32.0,24.0,17.15470202713,26.84529797287
20.0,26.0,36.64471879286694,17.35528120713306
16.0,21.0,23.80704160951074,39.19295839048926
28.0,23.0,23.943606157597912,25.056393842402088
17.0,14.0,23.045572321292482,45.95442767870752
23.0,33.0,22.767870751409845,21.232129248590155
23.0,27.0,27.24432251181223,22.75567748818777
19.0,23.0,31.22623583803282,26.77376416196718
29.0,23.0,21.61133973479653,26.38866026520347
23.0,38.0,20.198445358939182,18.801554641060818
25.0,23.0,30.658944266626037,21.341055733373963
31.0,22.0,26.641213229690592,20.358786770309408
28.0,24.0,23.27937814357567,24.72062185642433
26.0,22.0,27.583803282020014,24.416196717979986
24.0,17.0,25.209063658995078,33.79093634100492
21.0,34.0,26.268861454046643,18.731138545953357
27.0,30.0,14.641365645480874,28.358634354519126
28.0,28.0,26.872123151958533,17.127876848041467
23.0,18.0,31.764619214550635,27.235380785449365
32.0,23.0,20.32235939643347,24.67764060356653
23.0,21.0,33.01732459482801,22.98267540517199
27.0,22.0,22.845450388660268,28.154549611339732
25.0,24.0,32.68632830361226,18.313671696387743
27.0,19.0,31.039780521262003,22.960219478737997
18.0,31.0,37.723365340649295,13.276634659350705
30.0,20.0,19.219631153787546,30.780368846212454
31.0,7.0,38.59604735050553,23.40395264949447
27.0,21.0,23.73987705126251,28.26012294873749
27.0,23.0,15.378753238835543,34.62124676116446
33.0,26.0,21.740435909160198,19.259564090839802
19.0,31.0,19.836915104404824,30.163084895595176
35.0,28.0,22.190976985215656,14.809023014784344
25.0,30.0,31.927297668038406,13.072702331961594
24.0,20.0,17.26972514352488,38.73027485647512
12.0,28.0,33.29065691205609,26.709343087943907
27.0,28.0,27.482853223593963,17.517146776406037
30.0,15.0,35.96530000508052,19.034699994919478
38.0,29.0,14.636488340192031,18.36351165980797
26.0,25.0,24.548544429202863,24.451455570797137
24.0,21.0,29.611085708479393,25.388914291520607
26.0,17.0,31.652187166590465,25.347812833409535
16.0,30.0,20.406035665294937,33.59396433470506
27.0,24.0,24.548544429202863,24.451455570797137
22.0,33.0,21.98902606310014,23.01097393689986
20.0,21.0,19.220037595894937,39.77996240410506
31.0,11.0,22.235838032820197,35.7641619671798
30.0,18.0,26.442513844434274,25.557486155565726
23.0,23.0,37.61591220850481,16.38408779149519
27.0,7.0,28.52187166590459,37.47812833409541
14.0,26.0,37.268709038256375,22.731290961743625
28.0,15.0,37.221002895900014,19.778997104099986
22.0,24.0,20.224965706447193,33.77503429355281
25.0,20.0,12.88726312045928,42.11273687954072
28.0,28.0,24.397500381039464,19.602499618960536
33.0,21.0,24.49687547629935,21.50312452370065
31.0,17.0,25.681654219377123,26.318345780622877
24.0,30.0,20.77396738302089,25.22603261697911
24.0,19.0,28.38561194939797,28.61438805060203
23.0,31.0,27.42051516537113,18.57948483462887
25.0,26.0,26.69943606157598,22.30056393842402
22.0,33.0,25.260631001371735,19.739368998628265
26.0,26.0,18.055784179240973,29.944215820759027
25.0,22.0,35.31986993852563,17.680130061474372
24.0,36.0,15.375704923030028,24.62429507696997
23.0,26.0,23.03200731595794,27.96799268404206
25.0,27.0,19.504343850022863,28.495656149977137
27.0,24.0,26.09449778997103,22.90550221002897
26.0,17.0,36.31748209114464,20.68251790885536
23.0,35.0,19.140374942844076,22.859625057155924
19.0,38.0,16.174973327236714,26.825026672763286
25.0,24.0,19.604023776863286,31.395976223136714
25.0,27.0,23.784179240969365,24.215820759030635
23.0,32.0,17.297668038408773,27.702331961591227
35.0,26.0,16.917238225880197,22.082761774119803
19.0,17.0,21.317075649037236,42.682924350962764
24.0,29.0,28.40344459686024,18.59655540313976
13.0,30.0,25.60554793476605,31.39445206523395
36.0,24.0,24.429202865416855,15.570797134583145
13.0,32.0,27.121373774323004,27.878626225676996
27.0,17.0,29.330081796474104,26.669918203525896
19.0,26.0,31.270893664583653,23.729106335416347
22.0,23.0,31.22059645379261,23.77940354620739
27.0,20.0,28.913986689020987,24.086013310979013
23.0,22.0,39.11725854798557,15.882741452014429
25.0,26.0,25.35512879134278,23.64487120865722
36.0,31.0,19.027434842249647,13.972565157750353
21.0,27.0,23.359447238733935,28.640552761266065
27.0,23.0,24.432251181222384,25.567748818777616
23.0,30.0,31.283188538332567,15.716811461667433
21.0,10.0,38.66285627190979,30.33714372809021
33.0,10.0,28.18579484834629,28.81420515165371
18.0,27.0,31.270893664583653,23.729106335416347
32.0,20.0,18.450845907636037,29.549154092363963
26.0,13.0,28.936493420718378,32.06350657928162
23.0,25.0,24.88116648884825,27.11883351115175
21.0,14.0,34.50947518162883,30.49052481837117
16.0,23.0,36.40227607580144,24.59772392419856
29.0,28.0,28.974698978814203,14.025301021185797
36.0,29.0,15.678250266727645,19.321749733272355
39.0,19.0,17.58481938728852,24.41518061271148
24.0,31.0,25.260631001371735,19.739368998628265
42.0,20.0,26.96082914189911,11.039170858100888
24.0,24.0,30.658944266626037,21.341055733373963
27.0,26.0,16.003353147386065,30.996646852613935
33.0,21.0,25.821978356957786,20.178021643042214
12.0,34.0,23.96159122085048,30.03840877914952
24.0,18.0,28.149875527104612,29.850124472895388
33.0,24.0,21.5426002133821,21.4573997866179
26.0,23.0,28.278920896204852,22.721079103795148
27.0,9.0,27.462480312960416,36.537519687039584
28.0,32.0,14.461210181374796,25.538789818625204
26.0,12.0,25.555352334501855,36.444647665498145
21.0,22.0,27.664532845602807,29.335467154397193
30.0,26.0,22.767870751409845,21.232129248590155
46.0,24.0,13.840877914951989,16.15912208504801
24.0,19.0,25.60554793476605,31.39445206523395
16.0,22.0,24.789920235736425,37.210079764263575
26.0,26.0,26.94467306812986,21.05532693187014
26.0,10.0,44.581821876746446,19.418178123253554
36.0,23.0,18.96585886297821,22.03414113702179
22.0,16.0,33.97510542092162,28.024894579078378
26.0,17.0,26.717573540618815,30.282426459381185
31.0,25.0,22.767870751409845,21.232129248590155
18.0,27.0,26.895036325763343,28.104963674236657
32.0,21.0,21.225575369608293,25.774424630391707
27.0,20.0,21.579129197784894,31.420870802215106
32.0,12.0,22.39089569679419,33.60910430320581
27.0,22.0,25.270690443529958,25.729309556470042
43.0,23.0,13.587562871513498,20.412437128486502
21.0,23.0,23.082253721485543,32.91774627851446
25.0,31.0,21.500381039475684,22.499618960524316
28.0,18.0,31.31138545953361,22.68861454046639
15.0,33.0,29.13722501651172,22.86277498348828
31.0,21.0,18.055784179240973,29.944215820759027
31.0,15.0,33.61591220850481,20.38408779149519
40.0,30.0,18.28532235939643,11.714677640603568
17.0,33.0,24.432251181222384,25.567748818777616
24.0,30.0,27.168114616674288,18.831885383325712
32.0,30.0,16.483462886755078,21.516537113244922
24.0,25.0,31.147233653406502,19.852766346593498
24.0,31.0,30.32235939643347,14.67764060356653
37.0,11.0,15.03754508967129,36.96245491032871
32.0,22.0,24.49687547629935,21.50312452370065
31.0,28.0,15.422648986434993,25.577351013565007
23.0,28.0,27.506020423715896,21.493979576284104
29.0,12.0,28.851038967637066,30.148961032362934
26.0,32.0,23.576588934613625,18.423411065386375
24.0,27.0,22.66651425087639,26.33348574912361
33.0,23.0,21.339429964944358,22.660570035055642
39.0,22.0,19.324645633287602,19.675354366712398
25.0,37.0,22.79073311995124,15.209266880048759
21.0,21.0,28.56536097139663,29.43463902860337
29.0,20.0,29.281664380429817,21.718335619570183
19.0,29.0,27.583803282020014,24.416196717979986
20.0,25.0,21.940761062846107,33.05923893715389
24.0,18.0,37.21983437484123,20.780165625158773
30.0,17.0,24.172179037748307,28.827820962251693
19.0,41.0,21.301630848955952,18.698369151044048
18.0,17.0,33.21165472742976,31.78834527257024
34.0,20.0,33.26779454351471,12.73220545648529
20.0,23.0,27.482091144642595,29.517908855357405
25.0,28.0,21.418991007468364,25.581008992531636
31.0,22.0,24.320225575369605,22.679774424630395
17.0,26.0,25.60554793476605,31.39445206523395
20.0,38.0,20.5230909922268,21.4769090077732
15.0,26.0,35.00193060001017,23.99806939998983
25.0,37.0,15.910074683737236,22.089925316262764
25.0,29.0,22.79317177259564,23.20682822740436
27.0,18.0,32.42772951277752,22.572270487222482
28.0,17.0,30.541584108113597,24.458415891886403
22.0,26.0,26.949753594472384,25.050246405527616
26.0,22.0,30.658944266626037,21.341055733373963
22.0,25.0,26.175532185134387,26.824467814865613
35.0,14.0,24.734339277549154,26.265660722450846
31.0,25.0,29.608291418991016,14.391708581008984
23.0,20.0,29.54107605547935,27.45892394452065
39.0,25.0,24.12620027434842,11.87379972565158
23.0,17.0,26.953208352385303,33.0467916476147
20.0,12.0,25.696489356297313,42.30351064370269
30.0,30.0,18.00944977899711,21.99055022100289
36.0,19.0,23.86145404663924,21.13854595336076
35.0,21.0,17.456485291876234,26.543514708123766
26.0,18.0,22.800589341055726,33.199410658944274
26.0,27.0,21.741350403901848,25.258649596098152
23.0,30.0,32.18579484834629,14.81420515165371
22.0,15.0,33.91815272062185,29.081847279378152
26.0,26.0,21.87471422039323,26.12528577960677
29.0,17.0,23.072702331961594,30.927297668038406
28.0,18.0,35.986282578875176,18.013717421124824
17.0,17.0,35.654016156073766,30.345983843926234
24.0,28.0,23.784179240969365,24.215820759030635
21.0,23.0,20.700909414215317,35.29909058578468
38.0,24.0,16.483462886755078,21.516537113244922
29.0,9.0,29.89280089417265,32.10719910582735
29.0,20.0,25.48056698673983,25.51943301326017
33.0,15.0,21.171975816694612,30.828024183305388
36.0,5.0,26.180257074632934,32.819742925367066
20.0,22.0,29.661535335060705,28.338464664939295
30.0,19.0,23.03200731595794,27.96799268404206
21.0,22.0,18.690138698369147,38.30986130163085
10.0,30.0,26.62399024538942,33.37600975461058
29.0,30.0,18.515927450083836,22.484072549916164
30.0,16.0,30.257887517146784,23.742112482853216
31.0,26.0,19.89102270995275,23.10897729004725
27.0,27.0,25.064776710867235,20.935223289132765
26.0,24.0,22.580399329370522,27.419600670629478
32.0,11.0,36.10897729004725,20.89102270995275
36.0,49.0,8.209876543209887,6.790123456790113
25.0,6.0,35.286998933089464,33.713001066910536
31.0,27.0,20.811156835848195,21.188843164151805
30.0,29.0,15.610120408474316,25.389879591525684
29.0,27.0,25.302850175278152,18.697149824721848
26.0,34.0,3.4141137021795487,36.58588629782045
29.0,22.0,22.33043743331808,26.66956256668192
20.0,14.0,41.8103947568968,24.189605243103202
18.0,18.0,38.26083422242546,25.73916577757454
17.0,30.0,36.483107249911086,16.516892750088914
20.0,27.0,28.63125539805924,24.36874460194076
18.0,31.0,24.45450388660265,26.54549611339735
24.0,29.0,23.116750495351326,23.883249504648674
27.0,39.0,20.67672610882488,13.32327389117512
15.0,34.0,30.587562871513498,20.412437128486502
35.0,13.0,23.359447238733935,28.640552761266065
26.0,20.0,31.541838134430733,22.458161865569267
24.0,31.0,22.297668038408773,22.702331961591227
24.0,17.0,24.022049484326587,34.97795051567341
23.0,26.0,27.159579332418843,23.840420667581157
27.0,30.0,28.817405883249506,14.182594116750494
17.0,27.0,25.56602143982117,30.43397856017883
31.0,27.0,20.811156835848195,21.188843164151805
39.0,19.0,22.88523090992227,19.11476909007773
42.0,26.0,11.603109282121636,20.396890717878364
19.0,33.0,30.89529035208048,17.10470964791952
27.0,15.0,29.661535335060705,28.338464664939295
23.0,12.0,35.11380379007265,29.88619620992735
31.0,25.0,17.878981862520945,26.121018137479055
19.0,34.0,28.124066453284556,18.875933546715444
27.0,30.0,16.76482243560433,26.23517756439567
14.0,25.0,23.385967586241932,37.61403241375807
16.0,26.0,29.635014987552708,28.364985012447292
17.0,26.0,22.790733119951227,34.20926688004877
23.0,19.0,26.868058730884513,31.131941269115487
29.0,30.0,18.515927450083836,22.484072549916164
21.0,26.0,27.08027231621196,25.91972768378804
26.0,28.0,25.064776710867235,20.935223289132765
24.0,24.0,30.37362190722959,21.62637809277041
22.0,23.0,24.405324391606953,30.594675608393047
34.0,13.0,27.75882741452014,25.24117258547986
28.0,19.0,40.31209673322155,12.687903266778449
29.0,29.0,11.99634202103337,30.00365797896663
22.0,21.0,22.790733119951227,34.20926688004877
33.0,17.0,16.613321140070113,33.38667885992989
26.0,25.0,22.66651425087639,26.33348574912361
22.0,22.0,26.487832139409633,29.512167860590367
23.0,16.0,34.68226388253822,26.317736117461777
43.0,0.0,29.54107605547935,27.45892394452065
19.0,31.0,25.872580399329365,24.127419600670635
22.0,19.0,30.901336178428082,28.098663821571918
24.0,18.0,30.059340547680733,27.940659452319267
30.0,34.0,19.61591220850481,16.38408779149519
18.0,23.0,32.735812630188505,26.264187369811495
25.0,17.0,26.47909363410048,31.52090636589952
24.0,42.0,26.413351623228166,7.586648376771834
32.0,27.0,13.810394756896812,27.189605243103188
26.0,34.0,23.99024538942234,16.00975461057766
27.0,37.0,21.591220850480113,14.408779149519887
28.0,18.0,25.61591220850481,28.38408779149519
27.0,24.0,24.27968297515622,24.72031702484378
17.0,29.0,31.96159122085048,22.03840877914952
25.0,25.0,22.786160646242948,27.213839353757052
20.0,25.0,38.66458365086622,16.33541634913378
27.0,29.0,22.0435909160189,21.9564090839811
20.0,33.0,17.679622008840113,29.320377991159887
38.0,25.0,15.000762078951382,21.999237921048618
17.0,37.0,20.710867245846686,25.289132754153314
24.0,22.0,30.652949245541848,23.347050754458152
30.0,28.0,20.5230909922268,21.4769090077732
21.0,25.0,29.96159122085048,24.03840877914952
17.0,24.0,29.1387999796779,29.8612000203221
24.0,23.0,26.207844332672863,26.792155667327137
25.0,29.0,19.259564090839817,26.740435909160183
27.0,23.0,21.68876695625667,28.31123304374333
15.0,21.0,24.497078697353047,39.50292130264695
17.0,24.0,33.49118528679571,25.508814713204288
20.0,33.0,24.320225575369605,22.679774424630395
28.0,28.0,14.941624752324344,29.058375247675656
17.0,27.0,29.458111060305853,26.541888939694147
31.0,13.0,31.378550017781834,24.621449982218166
23.0,27.0,24.249352232891326,25.750647767108674
32.0,30.0,18.690138698369154,19.309861301630846
17.0,36.0,21.741350403901848,25.258649596098152
25.0,27.0,28.722450845907645,19.277549154092355
22.0,10.0,43.65777574556725,24.34222425443275
21.0,20.0,30.145963521820875,28.854036478179125
24.0,35.0,21.83417162017986,19.16582837982014
30.0,33.0,16.709495503734175,20.290504496265825
19.0,27.0,29.96159122085048,24.03840877914952
32.0,13.0,20.78392521465223,34.21607478534777
24.0,36.0,18.50327693949093,21.49672306050907
23.0,20.0,27.273586343545205,29.726413656454795
29.0,33.0,23.207742722146023,14.792257277853977
34.0,21.0,25.260631001371735,19.739368998628265
31.0,15.0,31.31138545953361,22.68861454046639
28.0,31.0,23.015241579027588,17.984758420972412
47.0,9.0,22.0435909160189,21.9564090839811
19.0,36.0,23.964334705075444,21.035665294924556
21.0,19.0,27.36473098613017,32.63526901386983
20.0,24.0,31.071279784585684,24.928720215414316
19.0,25.0,29.253264238175078,26.746735761824922
23.0,16.0,27.820809835898984,33.179190164101016
34.0,27.0,20.465935070873343,18.534064929126657
30.0,16.0,29.171467764060367,24.828532235939633
18.0,22.0,35.51287913427832,24.48712086572168
24.0,23.0,25.553523345018547,27.446476654981453
26.0,32.0,23.576588934613625,18.423411065386375
34.0,27.0,17.559213534522172,21.440786465477828
21.0,19.0,37.268709038256375,22.731290961743625
26.0,19.0,21.991058273637137,33.00894172636286
21.0,13.0,22.0435909160189,43.9564090839811
14.0,34.0,30.579688055682567,21.420311944317433
28.0,35.0,20.228471269623526,16.771528730376474
38.0,18.0,24.397500381039464,19.602499618960536
24.0,22.0,24.035665294924556,29.964334705075444
23.0,26.0,31.147233653406502,19.852766346593498
20.0,18.0,34.74053751968705,27.259462480312948
9.0,35.0,28.63872377178275,27.36127622821725
24.0,27.0,26.69943606157598,22.30056393842402
32.0,9.0,30.32581415434639,28.67418584565361
30.0,26.0,21.098003353147377,22.901996646852623
21.0,17.0,38.510999339531594,23.489000660468406
30.0,29.0,21.215515927450085,19.784484072549915
30.0,15.0,27.196819590509577,27.803180409490423
28.0,24.0,26.615454961133977,21.384545038866023
26.0,22.0,23.359447238733935,28.640552761266065
33.0,23.0,31.217802164304217,12.782197835695783
38.0,17.0,21.98902606310014,23.01097393689986
30.0,26.0,19.810394756896798,24.189605243103202
26.0,16.0,13.643245440227602,44.3567545597724
28.0,37.0,20.127267184880353,14.872732815119647
21.0,18.0,27.253670680282482,33.74632931971752
24.0,28.0,24.04755372656608,23.95244627343392
30.0,25.0,33.28532235939643,11.714677640603568
19.0,27.0,33.61591220850481,20.38408779149519
21.0,35.0,20.05182136869378,23.94817863130622
22.0,31.0,18.646700198140536,28.353299801859464
22.0,23.0,37.306558959508195,17.693441040491805
24.0,21.0,28.93207336280038,26.06792663719962
22.0,28.0,25.872580399329365,24.127419600670635
10.0,28.0,25.243509627597426,36.756490372402574
26.0,25.0,22.66651425087639,26.33348574912361
14.0,33.0,25.35965045978763,27.64034954021237
39.0,24.0,17.11553116902911,19.88446883097089
25.0,18.0,27.873037646700197,29.126962353299803
19.0,29.0,30.658944266626037,21.341055733373963
24.0,23.0,31.11929075852258,21.88070924147742
29.0,36.0,20.943453741807645,14.056546258192355
19.0,20.0,32.80419651475893,28.195803485241072
34.0,18.0,20.821216278006403,27.178783721993597
18.0,25.0,29.77564395671392,27.22435604328608
11.0,40.0,24.548544429202863,24.451455570797137
20.0,26.0,26.702331961591227,27.297668038408773
20.0,23.0,22.790733119951227,34.20926688004877
32.0,28.0,26.62399024538942,13.376009754610578
20.0,25.0,36.11619163745364,18.88380836254636
21.0,21.0,25.913326220596446,32.086673779403554
29.0,27.0,19.086114921505853,24.913885078494147
28.0,30.0,26.361225422953822,15.638774577046178
22.0,36.0,12.879743941472341,29.12025605852766
23.0,24.0,26.207844332672863,26.792155667327137
29.0,21.0,10.577655845145564,39.422344154854436
37.0,27.0,14.282578875171481,21.71742112482852
29.0,28.0,9.804602956866333,33.19539704313367
24.0,22.0,27.681755829903977,26.318244170096023
30.0,22.0,21.87471422039323,26.12528577960677
28.0,26.0,25.064776710867235,20.935223289132765
17.0,33.0,29.987806736777927,20.012193263222073
21.0,25.0,18.035665294924556,35.964334705075444
38.0,29.0,11.965706447187927,21.034293552812073
19.0,22.0,30.244881369709915,28.755118630290085
27.0,22.0,27.789208962048477,23.210791037951523
22.0,27.0,23.591678097850945,27.408321902149055
22.0,17.0,37.973530457755416,23.026469542244584
33.0,17.0,25.872580399329365,24.127419600670635
20.0,24.0,27.6144896611289,28.3855103388711
17.0,35.0,24.04755372656608,23.95244627343392
16.0,33.0,32.826245999085515,18.173754000914485
17.0,31.0,22.313265254280353,29.686734745719647
26.0,30.0,24.94071025758268,19.05928974241732
28.0,24.0,27.603109282121636,20.396890717878364
25.0,28.0,16.003353147386065,30.996646852613935
31.0,25.0,24.699283645785698,19.300716354214302
27.0,16.0,27.873037646700197,29.126962353299803
38.0,30.0,18.275262917238237,13.724737082761763
25.0,23.0,29.10552253213433,22.89447746786567
21.0,23.0,28.47655337092924,27.52344662907076
30.0,28.0,19.44764517604024,22.55235482395976
33.0,20.0,28.70431336686481,18.29568663313519
29.0,28.0,28.974698978814203,14.025301021185797
23.0,27.0,30.536503581771072,19.463496418228928
10.0,22.0,25.447746786567087,42.55225321343291
26.0,34.0,27.392165828379817,12.607834171620183
16.0,34.0,22.580399329370522,27.419600670629478
27.0,14.0,24.022049484326587,34.97795051567341
24.0,10.0,22.767870751409852,43.23212924859015
42.0,11.0,19.098003353147377,27.901996646852623
22.0,18.0,22.673372961438808,37.32662703856119
20.0,27.0,27.169130721942793,25.830869278057207
26.0,16.0,20.025809073820035,37.974190926179965
20.0,39.0,16.26627038561196,24.73372961438804
25.0,27.0,21.677183356195698,26.322816643804302
14.0,30.0,28.613117919016403,27.386882080983597
19.0,30.0,23.241883859167814,27.758116140832186
30.0,19.0,16.945587562871523,34.05441243712848
27.0,23.0,21.68876695625667,28.31123304374333
15.0,29.0,18.703652898440275,37.296347101559725
21.0,30.0,25.982472184118265,23.017527815881735
23.0,26.0,26.413351623228166,24.586648376771834
19.0,39.0,18.2185642432556,23.7814357567444
23.0,16.0,30.08006909515825,30.91993090484175
15.0,24.0,27.151399685007362,33.84860031499264
30.0,21.0,11.84484072549916,37.15515927450084
29.0,23.0,22.203932327389126,25.796067672610874
19.0,17.0,31.296042269979168,32.70395773002083
14.0,22.0,37.73408525123203,26.26591474876797
16.0,14.0,29.909058578468724,40.09094142153128
27.0,24.0,23.943606157597912,25.056393842402088
23.0,25.0,25.713356703754513,26.286643296245487
35.0,29.0,16.406035665294922,19.593964334705078
17.0,27.0,26.658537824518632,29.341462175481368
21.0,36.0,22.56500533455265,20.43499466544735
22.0,17.0,31.61413402428491,29.38586597571509
27.0,22.0,34.925011431184274,16.074988568815726
22.0,18.0,21.79545800944978,38.20454199055022
23.0,24.0,24.172179037748307,28.827820962251693
35.0,33.0,18.275262917238237,13.724737082761763
23.0,19.0,34.32911649646903,23.670883503530973
22.0,29.0,27.77488187776254,21.22511812223746
29.0,23.0,35.50434385002286,12.495656149977137
19.0,38.0,17.472641365645487,25.527358634354513
32.0,22.0,21.27876848041457,24.72123151958543
29.0,21.0,28.341716201798505,21.658283798201495
22.0,26.0,23.074124879337504,28.925875120662496
28.0,27.0,22.544581618655698,22.455418381344302
20.0,31.0,23.943606157597912,25.056393842402088
30.0,20.0,25.04953513183966,24.95046486816034
36.0,23.0,17.78478890413048,23.21521109586952
27.0,17.0,25.15632779555962,30.84367220444038
17.0,30.0,23.808667377940353,29.191332622059647
30.0,10.0,26.953208352385303,33.0467916476147
22.0,25.0,33.76888685667835,19.23111314332165
17.0,30.0,21.579129197784894,31.420870802215106
24.0,23.0,30.085302037291058,22.914697962708942
24.0,14.0,21.47304780775289,40.52695219224711
23.0,28.0,24.10044200579179,24.89955799420821
31.0,25.0,18.744093888126812,25.255906111873188
18.0,18.0,33.4323019864858,30.567698013514203
17.0,20.0,32.6506630086877,30.3493369913123
27.0,24.0,22.33043743331808,26.66956256668192
22.0,8.0,34.61413402428491,35.38586597571509
21.0,27.0,23.73987705126251,28.26012294873749
23.0,21.0,27.887618757303258,28.112381242696742
28.0,25.0,24.92196311537876,22.07803688462124
24.0,26.0,23.129096174363667,26.870903825636333
39.0,19.0,19.428440786465472,22.571559213534528
17.0,32.0,29.32830361225423,21.67169638774577
19.0,21.0,29.87959152568206,30.12040847431794
27.0,20.0,26.13514200071127,26.86485799928873
20.0,27.0,28.114261037443484,24.885738962556516
28.0,25.0,27.02804450541076,19.97195549458924
33.0,21.0,25.821978356957786,20.178021643042214
31.0,30.0,16.32876085962505,22.67123914037495
37.0,15.0,24.837677183356192,23.162322816643808
30.0,18.0,31.419803891683188,20.580196108316812
28.0,34.0,18.985520499923794,19.014479500076206
36.0,21.0,25.632220698064316,17.367779301935684
17.0,27.0,35.93639181019154,20.063608189808463
29.0,20.0,20.723365340649295,30.276634659350705
25.0,29.0,29.60798658741045,16.39201341258955
17.0,28.0,26.517807244830564,28.482192755169436
20.0,38.0,25.18975765889347,16.81024234110653
17.0,22.0,36.46735761824924,24.53264238175076
31.0,19.0,31.450998323426305,18.549001676573695
14.0,19.0,44.15947772189199,22.84052227810801
21.0,31.0,28.612711476909013,19.387288523090987
12.0,33.0,30.516435502718068,24.483564497281932
28.0,32.0,13.290656912056093,26.709343087943907
19.0,16.0,40.46359802875578,24.536401971244217
30.0,26.0,10.63618350861148,33.36381649138852
37.0,21.0,18.909922267946953,23.090077732053047
20.0,30.0,20.682822740435924,29.317177259564076
20.0,26.0,22.257887517146784,31.742112482853216
10.0,36.0,33.54183813443073,20.458161865569267
23.0,24.0,30.085302037291058,22.914697962708942
25.0,34.0,13.810394756896812,27.189605243103188
25.0,30.0,22.482853223593963,22.517146776406037
25.0,22.0,21.579129197784894,31.420870802215106
20.0,15.0,33.21165472742976,31.78834527257024
22.0,26.0,20.29223187522227,31.70776812477773
24.0,28.0,21.677183356195698,26.322816643804302
25.0,26.0,18.835238530711777,30.164761469288223
20.0,17.0,32.18975765889347,30.81024234110653
26.0,29.0,25.50754458161866,19.49245541838134
25.0,28.0,23.54656302392928,23.45343697607072
19.0,33.0,23.784179240969365,24.215820759030635
23.0,17.0,38.22892851699436,21.77107148300564
25.0,21.0,21.591220850480113,32.40877914951989
33.0,19.0,22.225880201188843,25.774119798811157
29.0,25.0,26.074378905654626,19.925621094345374
37.0,21.0,14.30086877000457,27.69913122999543
21.0,25.0,24.257887517146784,29.742112482853216
35.0,25.0,21.795458009449774,18.204541990550226
26.0,28.0,25.064776710867235,20.935223289132765
20.0,19.0,35.96530000508051,25.034699994919492
35.0,18.0,23.116750495351326,23.883249504648674
21.0,23.0,31.344408880760042,24.655591119239958
23.0,19.0,28.362038307168618,29.637961692831382
31.0,25.0,21.802164304221918,22.197835695778082
23.0,15.0,27.511456586902412,34.48854341309759
19.0,25.0,26.999949194736573,29.000050805263427
32.0,21.0,20.473403444596855,26.526596555403145
34.0,21.0,18.28532235939643,26.71467764060357
28.0,24.0,21.87471422039323,26.12528577960677
27.0,32.0,14.466544734034457,26.533455265965543
31.0,18.0,27.882487425697306,23.117512574302694
22.0,23.0,22.69521922471168,32.30478077528832
23.0,13.0,30.857084793984654,33.142915206015346
33.0,24.0,25.101356500533456,17.898643499466544
16.0,34.0,25.872580399329365,24.127419600670635
26.0,32.0,31.373571101966164,10.626428898033836
17.0,26.0,31.93888126809938,25.06111873190062
22.0,22.0,33.836711883351114,22.163288116648886
17.0,31.0,31.847787430777828,20.152212569222172
24.0,12.0,38.982675405171975,25.017324594828025
26.0,21.0,27.46801808667378,25.53198191332622
22.0,20.0,20.087689884672045,37.912310115327955
17.0,24.0,26.46801808667378,32.53198191332622
25.0,40.0,20.67139155616522,14.328608443834781
32.0,25.0,18.652339582380733,24.347660417619267
30.0,24.0,20.710867245846686,25.289132754153314
38.0,28.0,20.723365340649295,13.276634659350705
24.0,19.0,21.331199512269464,35.668800487730536
19.0,30.0,29.281664380429817,21.718335619570183
27.0,24.0,24.27968297515622,24.72031702484378
26.0,32.0,20.811156835848195,21.188843164151805
27.0,21.0,28.091043032058124,23.908956967941876
18.0,24.0,13.643245440227602,44.3567545597724
30.0,27.0,23.430117360158505,19.569882639841495
18.0,34.0,21.87471422039323,26.12528577960677
22.0,26.0,24.667174719300917,27.332825280699083
15.0,44.0,23.24020728547478,17.75979271452522
18.0,42.0,13.619875019051975,26.380124980948025
22.0,34.0,24.699283645785698,19.300716354214302
21.0,16.0,24.152720621856425,38.847279378143575
27.0,23.0,25.04953513183966,24.95046486816034
37.0,24.0,14.991312299954274,24.008687700045726
22.0,36.0,23.576588934613625,18.423411065386375
31.0,22.0,21.161103490321594,25.838896509678406
22.0,40.0,18.82914189910076,19.17085810089924
29.0,27.0,21.500381039475684,22.499618960524316
32.0,22.0,18.691662856271932,27.308337143728068
20.0,19.0,29.829040288573893,31.170959711426107
25.0,26.0,19.910684346898336,29.089315653101664
16.0,25.0,25.209063658995078,33.79093634100492
21.0,31.0,30.89529035208048,17.10470964791952
34.0,9.0,27.873037646700197,29.126962353299803
29.0,13.0,33.33902352283697,24.660976477163032
33.0,29.0,21.53970431336687,16.46029568663313
22.0,31.0,30.079713458314288,16.920286541685712
23.0,25.0,24.667174719300917,27.332825280699083
26.0,30.0,15.52507239750038,28.47492760249962
25.0,22.0,29.69755626682924,23.30244373317076
22.0,23.0,23.49997459736828,31.50002540263172
21.0,21.0,20.591576487324076,37.408423512675924
31.0,24.0,17.297668038408773,27.702331961591227
23.0,26.0,24.920896204846827,26.079103795153173
25.0,20.0,26.01483513692017,28.98516486307983
16.0,30.0,25.541838134430733,28.458161865569267
30.0,35.0,23.96814509983234,11.031854900167659
20.0,38.0,24.152720621856417,17.847279378143583
33.0,25.0,22.88523090992227,19.11476909007773
17.0,26.0,19.037646700198138,37.96235329980186
28.0,21.0,22.845450388660268,28.154549611339732
33.0,20.0,23.28867550678251,23.71132449321749
24.0,33.0,27.677030940405416,15.322969059594584
26.0,21.0,26.102829853172793,26.897170146827207
21.0,30.0,23.943606157597912,25.056393842402088
17.0,22.0,30.08006909515825,30.91993090484175
31.0,20.0,33.01768023167199,15.982319768328011
33.0,25.0,23.807041609510748,18.192958390489252
30.0,17.0,25.723162119595585,27.276837880404415
27.0,29.0,26.389269928364584,17.610730071635416
19.0,17.0,21.375603312503173,42.62439668749683
10.0,36.0,29.591220850480113,24.408779149519887
17.0,32.0,31.147233653406502,19.852766346593498
20.0,22.0,29.635014987552708,28.364985012447292
36.0,22.0,20.5230909922268,21.4769090077732
17.0,29.0,26.406035665294922,27.593964334705078
19.0,34.0,21.225575369608293,25.774424630391707
22.0,23.0,29.711680130061467,25.288319869938533
19.0,28.0,25.141543463902863,27.858456536097137
29.0,42.0,15.28898033836306,13.71101966163694
23.0,24.0,19.591932124168068,33.40806787583193
21.0,27.0,22.186455316770818,29.813544683229182
18.0,30.0,28.091043032058124,23.908956967941876
23.0,36.0,18.45968602347203,22.54031397652797
26.0,21.0,31.248539348676516,21.751460651323484
27.0,21.0,32.98907686836357,19.01092313163643
30.0,26.0,24.699283645785698,19.300716354214302
29.0,25.0,16.230757506477673,29.769242493522327
13.0,33.0,34.40603566529492,19.593964334705078
21.0,27.0,25.071381395112525,26.928618604887475
25.0,15.0,29.340039628105473,30.659960371894527
30.0,26.0,23.975003810394753,20.024996189605247
22.0,27.0,29.32830361225423,21.67169638774577
27.0,23.0,28.341716201798505,21.658283798201495
34.0,37.0,17.99405578417924,11.005944215820762
23.0,17.0,28.709038256363357,31.290961743636643
27.0,20.0,20.028146115937616,32.971853884062384
33.0,27.0,18.00944977899711,21.99055022100289
22.0,29.0,27.77488187776254,21.22511812223746
23.0,37.0,22.17954580094498,17.82045419905502
34.0,16.0,21.68876695625667,28.31123304374333
27.0,14.0,32.91566326271402,26.08433673728598
21.0,31.0,25.45221764974852,22.54778235025148
34.0,19.0,21.161103490321594,25.838896509678406
46.0,11.0,24.13793629019966,18.86206370980034
26.0,11.0,20.811156835848195,42.188843164151805
25.0,12.0,21.73296753543667,41.26703246456333
25.0,31.0,28.320682822740437,15.679317177259563
16.0,22.0,25.58370167149318,36.41629832850682
30.0,20.0,30.21643042219175,19.78356957780825
30.0,10.0,29.120560890108223,30.879439109891777
25.0,29.0,17.513793629019972,28.486206370980028
22.0,25.0,31.248539348676516,21.751460651323484
33.0,7.0,29.586953208352384,30.413046791647616
25.0,23.0,28.091043032058124,23.908956967941876
15.0,38.0,18.324340801707052,28.675659198292948
20.0,23.0,28.072854747751876,28.927145252248124
21.0,28.0,28.278920896204852,22.721079103795148
23.0,10.0,44.15947772189199,22.84052227810801
29.0,20.0,24.45450388660265,26.54549611339735
19.0,38.0,14.641365645480874,28.358634354519126
30.0,20.0,32.182594116750494,17.817405883249506
